INDEX To THE NOTES.

ardor 99 6
1151111111 99 55
115196 17

’ 115111111111117115

argutus 94 16

1111111111 199 19
4111111199117 191 11
1111111ιί11 77 19

Ascanius 99 4

Ascraeus 199 15

1149 197 60 117 99 417111
1111111101611965 ⁴⁶’ 1⁰³ ‘
Athamantidos (gen.) 96 19
Athamanas 911 15
1191166 15

atque unelidad 199 8
Δ1111111 69 15

111111111 1906

1111111111 197 5

aucupium plumoaum 909 54
audacia 119 5

Auernus 199 1

augere 11111 941 7ο
Augustus (adj. 919 ²3
1111109 517 4915

aurum 61111199 7

ausim 119 14

aimonius 179 59
1111111169 15

1111111111 60 16

Β11111149 16
3111136 57 59 4ο
blandus 79 41

bona 69 67 194 16
Βο1711111111111116 19
1111111199 17

11611197 54
111111 910 9
111111ο1 907 61
caeruleus 904 45
Calamis 171 11
11111111909 7
Gallimaohua 461

966

, Callimachum 157 146 147
169497 166 467 166 597 199

17 940 64
eampum 6111 119 1
1111111111 991 71
candor 199 9
1111111116 11
Cannensis 164 9
11911146 1
0191111111 169 5
eaput 16947 196167 999 55
1111111167 177 99 11
0111111164 15
Catullus 160 1ο
11111196 17
1111111111 11111 197 54
1111111196 11
Centauricus 917 4
Cepheus (adj.) 999979
1111909 3
1111111 900 15
Ceraunia 67 19
11111119 1
11111179 45
1111111199 15
0111111111 74 5
Cicero 69177 74 17 107547

111 117 919 517 949 74
Cilissa 19111991 74

> 1111111996

1111111 69 15

1111111119 11

(11111111 (Quinta) 999 51

eundum 16097 199197 999
817 999157 994 517 907 45

(111 901 15

1ο5147 9

cogitare 49 17

unuin

Comparativa 64 11

oomponara 76 15

9911991,

uendere 169 71

1111111111 119 15

 

