INDEX To 2Ηο Nom.

2701071111 125 51 120 15
1110011911 - ’
11111110011111.) 212 19
1111111εὸ341 131 14
1111111003 5ο
Mygdonius 210 8

Mye 172 14

nem 150 15

Nereus 213 15

1100011085 101 10041

1ιί for ne 114 3

nigrae harenae 223 83
Nireus 180 17

11111187 33

1101101102 151 70 181 210 11
Notus 21418

10110 70 301 88 41

noxe 210 9

nullae (111.) 89 15

nullus 55 141 0211
numerere 1011110111 161 17
11011011127 15

01113815

obnoxius 50 11

00011110 89 94

occurrere 02 3

ocellus 00 11

obserere 2278

obstrepere 89 46
001101015171
01111110111111707
0117113214
ορο10010(11171(111. 21118
opportunus (with 1.) 20011
010 03

orbis 152 991 209 6
orgia 1474
0110110105 49
Oricos 07 10
Orithyia 101 ¹3
0111110521
01011011587
0117511144 5
osculum 8841 ,

269

00010 207 61

ovid 40 1 5148 161 50171
58 51 54 81 50101 57181 ·
5819107181 70181 75 81
771118033180451110141
114 7 ; 115 91 115111 117

19 35111 1123101 ζῗᾊῗξ

157991100111101181108

1110131719ξὲῗο
10141 200191 201151 223
841 237 481 280 611 245 95

0171101011 80 16

Ρῧψθςθό 17

Ρ111111110 210 44
paludosus 222 77
Ρο1810111008 31
7111591

7101001017019
0101313702
Pare 1110915

Peri. 7100149 191 2274
Pege.. 9101101110 1000111
Parthenium 11 ·
7111011110 107 11 177 31
peti 08 ¹3

11111ἰο110 871
1111110111· 41
21101024051
Pegeeidee14919

Pege 00 91

{efflas} 215157
Pelusium 18055
71011110πί11 00111111111085

peyne 151 223 841 288 19
pereutere 80 18

peregrinus 53 4
Peri. 100 ll

, Peri. 11011. 48 15

11111111011.11179 ,

 

