INDEX To THE Nom. 971

8111117119. 166143 176153
914173 99893 94177

1111111946 93

sepositus 97 14

11991119961

1113111405

11111111119119

11111111 16611

8111111187 19
11911111981

11111179 38

8111987

8111111111111119 133 94 143
169 193 170 513 918 153
986 39

111711111199841

111111(1117.)6819

1111111199 48

spatiari 88
spatium 996 58
sperare 1093

11111795

temptare 197 19
1111111669 91853
9111111114 45, ο1ι119111,186
1161111 1488

1191111186 11
11119119111166 49
1119111876

1111118416

111111 (plur) 198 1ο
1911111111864 49
Thebanus (11111 198 6
7111111111 46 ,901939 ·5147
9111111111 806

Thessalus 199 1ο
91119191111111, 996
thyma 166 49

’1117111199
711111111119613 19883 9417ο

71111181-716111111178 4531181733

1711111111 89 3531 87313188 11953 914 31
1111111986 38
1191911111111 984 33

8111911194113 147· 16933
1795· 179183 177 337

9111 toruus 18614

133 91656 981331 98816 1111111691ιέ 7711

111199 36 177 336 17951
subductus 199 9

subesse 918 51
1111111141 ιο
81171111111946 1ο1
8111171111111. 1147
111111811166 15

Sugambri 999 77

surgere 99 37

8311111191 14

1111116711
1111196153 188 1ο
1111893 39
1111111478 1095
1119111164 16
Tantaleus 999 14
11111199911
1116111100 41
1111111148 17 7941

toxicum 696

. 1111111198 11

1111111168 19

1111111 1111111911 96 11
Triton 919 61
11111116 11

Tullus 196

turba 16614

11119111 1943
tumultus 1197

1111111 109 51

1111111161 343 79173 911

1119116073 98 ιο

Valerium 811111197133100
4131914718436

11911111199 1ο

1111111110 11

ubicumque 98 ιο
1111111111 199 8

 

