170 INDEX ΤΟ m NOPES.

118 115 4
1811111111 111 16

peterere 115 99
31131111, 96 131077

nunus 13
11111111 109 73

Ι Ρ11111111168 3113118133 167

3191111111 887 37

11111196 18
Ρ111111111113311111 170 15
Ρ1111111111109 3

Philetus 118 1

Phoebe 66 15

Phoenix 1105 3

313111118 113 111 73
pile 150 7

3111101 1ο

Pindur 111 173108 113119

61· 1103318019
31111116093
Ρ11111111181ο 1693
plenus 101
11131111. 713 6, ·8311 97133

107, 18115
Ρ1111111111.80133

ΡΙξΞὲΜ 111311111111176 313
1111115118 3

3111311110 3

Ρο111111 78

3111111165 7

31111180 1 31
potue 11111 positus 111 75
prueeouie eleeeieu 157 41
praelucere 55 13
31111111111186 36
Praxiteles 171 16
premere 188 9

Preu. 111311111111 111 1
proeedere 51 1

properare 59 4

prouehi 66 16

proximus 91 6

11015,
167 63 188 5 108 38 101

31111180 33
puelle 1015 ·108 15

1131131113
pumex 118 8

(3111111061
9111111111819
11111100 ιο 11065
que diepleeed 118 3ο
1311110811
011111111150153 5111

quippe ubi 70 17
Quirinus 111 11

11111111199 13 14
1111111118 16
11111118 13

rarus 71 41
recensuere 7
1111111151 38
1111111150 31
repugnare with 511. 111 1ο
reeipieeere 198 17
rogitare 68 13
Romanus 107 5
111 187 1

rumor 61 16
rumpere 69 17

Sallust 61 19

11113111 117 19
1111111198 18

supere 101 16

1111111 81 5
11111187 19
8111111311111) 178 39
8111111111150 17
1111111111 155 19
1111151 11

Scribonia 189 55
secures ponere 175 14
1111110153 1181
seducere 79 17
semper 91 143 178 38
Seneca 68 53 168 31

 

