266 INDEX TO m Nouus.

eumenem 111 79
1111111111 114 16
1111116111 68 15

consolatio 16 Liuium 4119111-
11118047161177186117

241717 246 1ο1
1111111104 1
contingere 46 17 72 45
1111116111 47 1ο
01711188 157 200 16
1111176 15
uerbis 201 18
01111111 124
1111111 82 7

1111111111 168 477 188 15

111111Ιῦ1487 162 15
eentum 108 5
cressi 120 14

11161111 with 611111 81 4

1111111 241 69 -
11111177 19

1117116111 66 177 7019
eure 61 557 116 4
Curii 168 7

eumue 228 11

eunus 1111111111 81 3
curuare 163 19
Cybebe 188 51
Cyrenaeus 208 4
0761111148 14

damnare with 611. 111 11

611111111111111 128 15
Dante 166 11

dere 71 37

6111111111 144 88

Ι 1111111151 1706

6111111151 fugae 106 54

Dat. 48 147 60 87 86 18; 96
1ος 14817 18717 246111

Dat.. predicetive 118 3ο
de 62 16

611611 1111188 19
6111111 1111100 11

61611111 88 41
611111 with inf. 82 7

defendere 88 9
<leuem 84 15
delphinus 188 17
61111 144 8
dicere 78 1
differre 80 48

61 melius 220 65
dirue 186 17
discedere 160 9
diuersus 166 57
6111111 107 65
6111111206 9
611116111611 188 18
Dorue 178 44
Dryades 101 45
61111111 84 17

euectus (plur.) 188 ιο
1111111115 5ο
egerere 116 54

egredi 86 18

eleuare 66 11
81111174 17

ulia 71 36

emeritus 242 71

Eous 86 147 181 7
ephemeris 188 1ο
equidem 146 13
ereptus 105 7

ergo 168 1; 187 1
Esquiliae 180 14
1111168177 188 11
111 quibus 174 17

et 217 51

Eubulum 124

euentus 104 48
Euenus 66 18
euertere with 611. 1829
Eumenides 232 11
Eurymedon 178 48 «
ex 178 51

excantare 168 49
excidere 168 7
exeipere 188 11
externus 66 1ο
111111111102 5ο

 

