11111 ro 1111 Nom. 111

faeere (1111111111 (111.) 149 1ο (1131111111 96 9
11111 perdere 116 8 (1111111186 ro
1111111177 13 Gorgonem 166 31
1111111 848 81 gradense 41
1111 801 134 806 39 grauis 160 36
1111111196 15 gyrus 166 11
11113111111111 848 81
11110176 18 1116111889 13
1111111111 (ee edi.) 1444 Η1111111111111161416016
ferire 168 3ο Hamadryades 98 31
111111111119818 1111111119
serre tabellae 886 49 harundo 808 33
111111081 haurire 100463
11111111 11 13111160 17 hedera 118 1
finde 177 33 hiere 1111111111 146 14
finie (11111.) 86 11 Η11111166 16
1111111111 111. 167 41 Hippodamian 33
flectere 1111· 178 14 11111111 168 4
flere 76 10 hoo unum 880 64
11111,1111111111111111111141417 Homer 188 114 167 63 ’
flumine 101 43 Η11111111176 11
1111118618 Horace 71 314 111 164 180
1111111781348066 164168 444 174 114 184
formosius 6411 164188 4189134199134
11111111110041 806 394 186 1
frangere 896 Η11111111(167.) 168 7
111611888 11 , horror tremulus 61 13
treus 8109 hortun 808 41
fulcire (Append. B) 66 74 841 hospitium 94 ιο
69 1111111111 19
11111111180 3 1111111111ιί1 186 34
1111111886 3 11111111 846 roo
1111111 66 11 Hylaeus (adj.) 48 13
11111111 888 78 Hyles 90
Fut. 188 13 Η711111189 16

611141111988 Η74111113169414 961ο

(11111116718 11111174

Gelli 144 9 Ideeue 153 16
Gallicus 16631 Idaliae 819 39
(11111141) 684 904 (1134108 1471111164 14 11817

Gen. 46 3440194 84 76 13111116134181341061
114 88 14 96174 97144 11111181ῐοί1161 31
16044 184194 140 64 146 11114811
114 164134 166 394 178 1111131188 13
414 180344 816 43 implicare 889 16

 

